/line 1 {
    /color ff6600
    /subservice 1 [
        93
        306
        714
        422
        473
        302
        139
        130
        248
        394
        139
        302
        473
        422
        714
        306
        93
    ]
}

/line 3 {
    /color e31e24
    /subservice 1 [
        156
        425
        484
        713
        111
        91
        36
        287
        262
        465
        522
        245
        224
        337
        293
        446
        332
        80
        3
        209
        394
        348
        79
        132
    ]
    /subservice 2 [
        132
        79
        348
        394
        209
        3
        80
        332
        446
        293
        337
        224
        245
        522
        465
        262
        287
        36
        91
        111
        713
        484
        425
        156
    ]
}

/line 4 {
    /color 7690c9
    /subservice 1 [
        310
        265
        68
        1
        418
        51
        98
        60
        143
        19
        180
        240
        353
        230
        21
        181
        281
        439
        261
        394
        139
        209
        3
        173
        437
        267
        257
        213
        488
        515
    ]
    /subservice 2 [
        310
        265
        68
        1
        418
        51
        98
        60
        143
        19
        180
        240
        353
        230
        21
        181
        281
        439
        261
        394
        139
        209
        3
        173
        437
        267
        257
        213
        488
        268
        205
        133
        616
        341
        497
    ]
    /subservice 3 [
        515
        488
        213
        257
        267
        437
        173
        3
        209
        139
        130
        248
        261
        439
        281
        181
        21
        230
        353
        240
        180
        19
        143
        60
        98
        51
        418
        1
        68
        265
        310
    ]
    /subservice 4 [
        497
        341
        616
        133
        205
        268
        488
        213
        257
        267
        437
        173
        3
        209
        139
        130
        248
        261
        439
        281
        181
        21
        230
        353
        240
        180
        19
        143
        60
        98
        51
        418
        1
        68
        265
        310
    ]
}

/line 7 {
    /color ffed00
    /subservice 1 [
        156
        425
        484
        713
        111
        91
        36
        287
        262
        465
        522
        245
        224
        337
        293
        446
        332
        80
        422
        714
        306
        93
    ]
    /subservice 2 [
        93
        306
        714
        80
        332
        446
        293
        337
        224
        245
        522
        465
        262
        287
        36
        91
        111
        713
        484
        425
        156
    ]
}

/line 9 {
    /color b0cb1f
    /subservice 1 [
        143
        19
        180
        240
        353
        230
        21
        181
        281
        141
        302
        473
        80
        173
        437
        482
        234
        308
        92
        432
        391
        115
        6
    ]
    /subservice 2 [
        6
        115
        391
        432
        92
        308
        234
        482
        437
        173
        80
        422
        473
        302
        141
        281
        181
        21
        230
        353
        240
        180
        19
        143
    ]
}

/line 33 {
    /color a79ecd
    /subservice 1 [
        175
        503
        212
        431
        89
        313
        124
        230
    ]
    /subservice 2 [
        230
        124
        313
        89
        431
        212
        503
        175
    ]
}

/line 40 {
    /color e51a4b
    /subservice 1 [
        93
        306
        144
        332
        173
        402
        5
        46
        607
    ]
    /subservice 2 [
        607
        46
        5
        228
        402
        173
        332
        144
        93
    ]
}

/line 42 {
    /color a65430
    /subservice 1 [
        462
        284
        315
        164
        206
        11
        368
        306
        95
        152
        403
        33
        5
        160
        258
        222
        325
        104
        147
        218
        334
        386
        720
        324
        32
    ]
    /subservice 2 [
        32
        324
        720
        386
        334
        218
        147
        104
        285
        325
        222
        258
        160
        5
        33
        403
        152
        95
        306
        368
        388
        11
        206
        164
        315
        284
        462
    ]
}

/line 44 {
    /color ce82b5
    /subservice 1 [
        69
        38
        109
        335
        119
        101
        486
        744
        163
        95
        250
        714
        144
        440
        129
        45
        110
        151
    ]
    /subservice 2 [
        151
        110
        45
        129
        440
        144
        714
        250
        95
        163
        744
        486
        101
        119
        335
        109
        38
        69
    ]
}

/line 45 {
    /subservice 1 [
        462
        284
        315
        164
        459
        149
        252
    ]
    /subservice 2 [
        252
        149
        459
        164
        315
        284
        462
    ]
}

/line 47 {
    /color eabd00
    /subservice 1 [
        462
        284
        114
        452
        198
        4
        99
        69
        38
        109
        335
        119
        101
        486
        744
        163
        95
        152
        3
        142
        179
        482
        495
    ]
    /subservice 2 [
        495
        482
        179
        142
        3
        152
        95
        163
        744
        486
        101
        119
        335
        109
        38
        69
        99
        4
        198
        452
        284
        462
    ]
}

/line 49 {
    /color ef7f1a
    /subservice 1 [
        252
        149
        459
        206
        11
        368
        306
        144
        332
        437
        482
        582
        345
        225
    ]
    /subservice 2 [
        392
        459
        206
        11
        368
        306
        144
        332
        437
        482
        582
        345
        225
    ]
    /subservice 3 [
        225
        345
        582
        482
        437
        332
        144
        306
        368
        388
        11
        206
        459
        392
    ]
    /subservice 4 [
        225
        345
        582
        482
        437
        332
        144
        306
        368
        388
        11
        206
        459
        149
        252
    ]
}

/line 60 {
    /color 2a4493
    /subservice 1 [
        333
        26
        373
        88
        361
        117
        347
        8
        495
        482
        179
        177
        280
        160
        5
        33
        336
    ]
    /subservice 2 [
        336
        33
        5
        160
        280
        177
        179
        482
        495
        8
        347
        117
        361
        88
        373
        26
        333
    ]
}

/line 64 {
    /color 009846
    /subservice 1 [
        757
        437
        332
        144
        306
        368
        388
        11
        206
        164
        315
        114
        452
    ]
    /subservice 2 [
        452
        315
        164
        206
        11
        368
        306
        144
        332
        437
        757
    ]
}

/line 71 {
    /color 00a0e3
    /subservice 1 [
        93
        306
        144
        332
        437
        482
        582
        222
        325
        104
        82
        23
        271
        338
        32
        321
        155
        434
        107
        71
        42
    ]
    /subservice 2 [
        42
        512
        71
        107
        434
        155
        321
        32
        338
        271
        23
        82
        104
        285
        325
        222
        436
        582
        482
        437
        332
        144
        93
    ]
}

/line 72 {
    /color b0cb1f
    /subservice 1 [
        336
        33
        5
        160
        258
        222
        325
        104
        82
        23
        271
        338
        32
        321
        155
        434
        107
        71
        42
    ]
    /subservice 2 [
        42
        512
        71
        107
        434
        155
        321
        32
        338
        271
        23
        82
        104
        285
        325
        222
        258
        160
        5
        33
        336
    ]
}

/line 20 {
    /subservice 1 [
        710
        554
        387
        28
        513
        227
        259
        54
        102
        221
        410
        453
        174
        301
        694
        81
        310
        265
        68
        1
        418
        51
        193
        382
        574
    ]
    /subservice 2 [
        574
        382
        193
        51
        418
        1
        68
        265
        310
        81
        694
        301
        174
        453
        410
        221
        102
        54
        259
        227
        513
        28
        387
        554
        710
    ]
}

/line 21 {
    /color 338632
    /subservice 1 [
        5
        173
        332
        306
        284
        229
        700
        694
        410
        221
        102
        237
    ]
    /subservice 2 [
        5
        173
        332
        306
        284
        229
        700
        694
        410
        221
        102
        259
        227
        513
        635
        471
        354
        572
    ]
    /subservice 3 [
        237
        102
        221
        410
        694
        700
        229
        284
        306
        332
        173
        5
    ]
    /subservice 4 [
        572
        354
        471
        635
        513
        227
        259
        102
        221
        410
        694
        700
        229
        284
        306
        332
        173
        5
    ]
}

/line 23 {
    /subservice 1 [
        183
        148
        389
        296
        9
        469
        295
        721
        352
        295
        485
        15
        1
        68
        265
        310
        81
        424
        694
        670
        762
        354
        471
        635
        513
        531
        316
        370
    ]
    /subservice 2 [
        370
        316
        531
        513
        635
        471
        354
        762
        670
        694
        424
        81
        310
        265
        68
        1
        485
        295
        721
        352
        295
        469
        9
        296
        389
        148
        183
    ]
}

/line 25 {
    /subservice 1 [
        5
        173
        332
        306
        284
        469
        700
        670
        572
    ]
    /subservice 2 [
        5
        173
        332
        306
        284
        469
        700
        513
        387
        554
        710
        471
    ]
    /subservice 3 [
        572
        670
        700
        469
        284
        306
        332
        173
        5
    ]
    /subservice 4 [
        471
        710
        554
        387
        513
        700
        469
        284
        306
        332
        173
        5
    ]
}

/line 26 {
    /subservice 1 [
        97
        412
        505
        288
        265
        310
        670
        572
    ]
    /subservice 2 [
        97
        412
        505
        288
        265
        310
        513
        387
        554
        710
        471
    ]
    /subservice 3 [
        572
        670
        310
        265
        288
        505
        412
        97
    ]
    /subservice 4 [
        471
        710
        554
        387
        513
        310
        265
        288
        505
        412
        97
    ]
}

/line 29 {
    /subservice 1 [
        208
        394
        248
        261
        439
        281
        181
        21
        230
        135
        460
        137
        498
        85
        317
        260
        377
        477
        170
        57
        249
        413
        56
        231
        58
        350
        237
        54
        259
        227
        513
        28
        387
        554
        710
    ]
    /subservice 2 [
        208
        394
        248
        261
        439
        281
        181
        21
        230
        135
        460
        137
        498
        85
        317
        260
        377
        477
        170
        57
        249
        413
        56
        231
        58
        350
        237
        121
        236
        259
        227
        513
        28
        387
        554
        710
    ]
    /subservice 3 [
        710
        554
        387
        28
        513
        227
        259
        54
        237
        350
        58
        231
        56
        413
        249
        57
        170
        477
        377
        260
        317
        85
        498
        137
        460
        135
        230
        21
        181
        281
        439
        261
        248
        394
        208
    ]
    /subservice 4 [
        710
        554
        387
        28
        513
        227
        259
        236
        121
        237
        350
        58
        231
        56
        413
        249
        57
        170
        477
        377
        260
        317
        85
        498
        137
        460
        135
        230
        21
        181
        281
        439
        261
        248
        394
        208
    ]
}

/line 30 {
    /subservice 1 [
        265
        310
        81
        723
        750
        767
        700
        263
        9
        296
        389
        148
        183
        469
        295
        721
        352
        295
        485
        320
        574
        229
        284
    ]
    /subservice 2 [
        284
        229
        574
        320
        514
        485
        295
        721
        352
        295
        469
        183
        148
        389
        296
        9
        263
        700
        767
        750
        723
        81
        310
        265
    ]
}

/line 31 {
    /subservice 1 [
        357
        427
        358
        181
        281
        439
        500
        152
        80
        740
        152
        500
        439
        281
        181
        358
        427
        357
    ]
}

/line 32 {
    /subservice 1 [
        175
        503
        212
        431
        89
        313
        124
        230
        21
        358
        501
        315
        164
        206
        11
        368
        93
    ]
    /subservice 2 [
        93
        306
        368
        11
        206
        164
        315
        501
        358
        21
        230
        124
        313
        89
        431
        212
        503
        175
    ]
}

/line 35 {
    /subservice 1 [
        175
        625
        626
        627
        628
        143
        19
        60
        98
        90
        193
        298
        192
    ]
    /subservice 2 [
        192
        298
        193
        90
        98
        60
        143
        19
        627
        628
        626
        625
        175
    ]
}

/line 36 {
    /subservice 1 [
        371
        755
        752
        701
        168
        606
        479
        168
        701
        755
        371
    ]
}

/line 37 {
    /color e31e24
    /subservice 1 [
        261
        439
        281
        181
        358
        501
        284
        229
        574
        320
        514
        485
        295
        469
        263
        309
        356
        771
        59
        441
        168
        606
        479
        481
    ]
    /subservice 2 [
        481
        479
        168
        441
        59
        771
        356
        309
        263
        469
        295
        485
        320
        229
        284
        501
        358
        181
        281
        439
        261
    ]
}

/line 39 {
    /subservice 1 [
        357
        427
        358
        181
        281
        439
        500
        152
        80
        332
        437
        495
        8
        347
        117
        491
        211
        34
        122
        344
    ]
    /subservice 2 [
        344
        122
        34
        211
        491
        117
        347
        8
        495
        437
        332
        304
        740
        152
        500
        439
        281
        181
        358
        427
        357
    ]
}

/line 41 {
    /subservice 1 [
        93
        306
        368
        106
        330
        4
        560
        608
        360
        395
        561
        618
        69
    ]
    /subservice 2 [
        69
        618
        561
        395
        360
        608
        560
        4
        106
        368
        93
    ]
}

/line 43 {
    /subservice 1 [
        284
        462
        693
        150
        30
        507
        742
        773
    ]
    /subservice 2 [
        284
        462
        693
        150
        30
        507
        187
        346
        184
        140
        188
    ]
    /subservice 3 [
        773
        742
        507
        30
        150
        693
        462
        284
    ]
    /subservice 4 [
        188
        140
        184
        346
        187
        507
        30
        150
        693
        462
        284
    ]
}

/line 50 {
    /color 57a7b3
    /subservice 1 [
        266
        176
        86
        213
        515
        117
        84
        214
        432
        92
        308
        234
        582
        72
        160
        5
        46
        307
        581
        753
    ]
    /subservice 2 [
        753
        261
        248
        394
        208
        46
        5
        160
        280
        72
        582
        234
        308
        92
        432
        214
        457
        84
        117
        515
        213
        86
        176
        266
    ]
}

/line 51 {
    /subservice 1 [
        437
        420
        266
        176
        86
        213
        488
        268
        375
        438
        256
        465
    ]
    /subservice 2 [
        465
        256
        438
        375
        268
        488
        213
        86
        176
        266
        420
        437
    ]
}

/line 52 {
    /subservice 1 [
        521
        311
        305
        443
        314
        510
        196
        238
        472
        195
        355
        493
        283
        383
        713
        489
        419
        743
        504
        524
    ]
    /subservice 2 [
        524
        504
        743
        419
        489
        713
        116
        283
        493
        355
        195
        472
        238
        196
        510
        314
        443
        41
        305
        521
    ]
}

/line 53 {
    /subservice 1 [
        451
        449
        100
        450
        443
        314
        242
        603
        497
        52
        18
        466
        361
        117
        347
        8
        495
        437
        257
        8
        347
        117
        361
        466
        18
        52
        497
        494
        242
        314
        443
        450
        100
        449
        451
    ]
}

/line 56 {
    /subservice 1 [
        456
        223
        341
        497
        494
        242
        314
        510
        196
        238
        472
        195
        355
        493
        283
        383
        713
        247
        12
        458
        331
        489
        419
        665
        425
        715
    ]
    /subservice 2 [
        715
        425
        665
        419
        489
        247
        12
        458
        331
        713
        116
        283
        493
        355
        195
        472
        238
        196
        510
        314
        242
        603
        497
        341
        223
        456
    ]
}

/line 57 {
    /subservice 1 [
        464
        133
        312
        319
        380
        381
        632
        633
        634
        497
        341
        496
        233
        133
        464
    ]
    /subservice 2 [
        464
        133
        312
        768
        322
        279
        322
        768
        319
        380
        381
        632
        633
        634
        497
        341
        496
        233
        133
        464
    ]
    /subservice 3 [
        279
        322
        768
        312
        133
        464
    ]
}

/line 59 {
    /subservice 1 [
        523
        253
        199
        200
        499
        24
        202
        367
        131
        517
        74
        332
        293
        522
        287
        435
        425
        14
        274
        275
        215
    ]
    /subservice 2 [
        215
        275
        274
        14
        425
        435
        287
        522
        293
        332
        74
        517
        131
        367
        202
        24
        499
        200
        199
        253
        523
    ]
}

/line 61 {
    /color ec6a6d
    /subservice 1 [
        189
        483
        774
        290
        553
        83
        374
        318
        26
        373
        88
        361
        117
        347
        8
        495
        437
        332
        144
        93
    ]
    /subservice 2 [
        93
        306
        144
        332
        437
        495
        8
        347
        117
        361
        88
        373
        26
        318
        374
        553
        290
        774
        483
        189
    ]
}

/line 63 {
    /color ae4a84
    /subservice 1 [
        553
        83
        365
        34
        211
        491
        117
        347
        8
        495
        437
        332
        306
        106
        284
        485
        469
        9
        296
        389
        148
        183
    ]
    /subservice 2 [
        183
        148
        389
        296
        9
        469
        485
        284
        106
        306
        332
        437
        495
        8
        347
        117
        491
        211
        34
        365
        553
    ]
}

/line 65 {
    /subservice 1 [
        419
        489
        713
        435
        425
        215
        275
        274
        14
        404
        463
        157
        273
        443
        314
        242
        603
        497
        341
        496
        233
        133
        18
        333
        26
        318
        374
        553
        338
        32
        364
        297
        107
        71
        42
    ]
    /subservice 2 [
        42
        512
        71
        107
        297
        364
        32
        338
        83
        374
        318
        26
        333
        18
        133
        233
        496
        341
        497
        603
        242
        314
        443
        273
        157
        463
        404
        14
        215
        275
        274
        596
        425
        435
        713
        489
        419
    ]
}

/line 66 {
    /subservice 1 [
        748
        754
        104
        285
        325
        225
        345
        582
        234
        67
        430
        369
        214
        264
        255
        218
        165
        525
        519
        63
    ]
    /subservice 2 [
        63
        519
        525
        165
        218
        255
        264
        214
        369
        430
        67
        234
        582
        345
        225
        325
        104
        754
        748
    ]
}

/line 67 {
    /subservice 1 [
        6
        344
        447
        467
        207
        400
        508
        42
        512
        71
        107
        17
        159
        243
        442
        278
        55
        429
        756
        763
        759
        429
        55
        278
        243
        159
        17
        107
        71
        42
        508
        400
        207
        467
        447
        6
    ]
}

/line 68 {
    /color c7bc6a
    /subservice 1 [
        96
        367
        417
        210
        340
        105
        376
        182
        416
        27
        77
        581
        327
        160
        72
        582
        482
        173
        437
        482
        582
        72
        160
        581
        77
        27
        416
        182
        376
        105
        340
        210
        417
        367
        96
    ]
}

/line 69 {
    /subservice 1 [
        553
        728
        725
        705
        726
        727
        774
        290
        553
    ]
}

/line 70 {
    /subservice 1 [
        261
        248
        394
        208
        46
        5
        160
        258
        222
        325
        328
        765
        428
        286
        362
        120
        112
        696
        364
        398
        254
        278
        445
        516
    ]
    /subservice 2 [
        516
        291
        442
        278
        254
        398
        364
        696
        112
        120
        362
        286
        428
        328
        325
        222
        258
        160
        5
        46
        394
        248
        261
    ]
}

/line 75 {
    /subservice 1 [
        42
        512
        71
        107
        434
        155
        321
        32
        271
        23
        255
        92
        308
        67
        8
        257
        293
        224
        522
        108
        138
    ]
    /subservice 2 [
        138
        108
        522
        224
        293
        257
        8
        67
        308
        92
        255
        23
        271
        32
        321
        155
        434
        107
        71
        42
    ]
}

/line 77 {
    /subservice 1 [
        362
        363
        194
        303
    ]
    /subservice 2 [
        362
        363
        609
        220
        44
        372
    ]
    /subservice 3 [
        303
        194
        363
        362
    ]
    /subservice 4 [
        372
        44
        220
        609
        363
        362
    ]
}

/line 78 {
    /subservice 1 [
        516
        71
        107
        434
        378
        78
        401
        400
        207
        467
        447
        6
        391
        214
        369
        430
        67
        8
        495
        437
        173
        402
        228
        46
        607
    ]
    /subservice 2 [
        607
        46
        228
        402
        173
        437
        495
        8
        430
        369
        214
        391
        6
        447
        467
        207
        400
        401
        78
        378
        434
        107
        71
        516
    ]
}

/line 79 {
    /subservice 1 [
        516
        291
        442
        278
        13
        299
        113
        329
        191
    ]
    /subservice 2 [
        191
        329
        113
        299
        13
        278
        445
        516
    ]
}

/line 80 {
    /color f7aa47
    /subservice 1 [
        152
        500
        76
        172
        487
        517
        178
        617
        579
    ]
    /subservice 2 [
        152
        500
        76
        172
        487
        517
        490
        158
        528
        770
    ]
    /subservice 3 [
        579
        617
        178
        517
        487
        172
        76
        390
        500
        152
    ]
    /subservice 4 [
        770
        528
        158
        490
        517
        487
        172
        76
        390
        500
        152
    ]
}

/line 83 {
    /color 008dd2
    /subservice 1 [
        426
        22
        340
        105
        246
        132
        87
        74
        390
        500
        95
        306
        368
        106
        70
        284
        229
        382
        193
        51
        418
        1
        68
        288
        505
        412
        97
        310
    ]
    /subservice 2 [
        310
        97
        412
        505
        288
        68
        1
        418
        51
        193
        382
        229
        284
        70
        106
        368
        306
        95
        500
        390
        74
        87
        132
        246
        105
        340
        22
        426
    ]
}

/line 84 {
    /color 008dd2
    /subservice 1 [
        276
        277
        27
        416
        20
        226
        79
        132
        87
        74
        390
        500
        95
        306
        368
        106
        70
        284
        229
        382
        193
        51
        418
        1
        68
        265
        310
    ]
    /subservice 2 [
        310
        265
        68
        1
        418
        51
        193
        382
        229
        284
        70
        106
        368
        306
        95
        500
        390
        74
        87
        132
        79
        226
        416
        27
        277
        276
    ]
}

/line 87 {
    /subservice 1 [
        761
        434
        297
        364
        696
        112
        120
        362
        286
        428
        765
        758
        326
        294
        581
        77
        277
        276
    ]
    /subservice 2 [
        276
        277
        77
        581
        327
        294
        326
        758
        765
        428
        286
        362
        120
        112
        696
        364
        297
        434
        761
    ]
}

/line 88 {
    /color ae4a84
    /subservice 1 [
        261
        76
        172
        487
        619
        87
        132
        246
        182
        416
        27
        77
        581
        327
        307
        46
        5
    ]
    /subservice 2 [
        5
        46
        307
        581
        77
        27
        416
        182
        246
        132
        87
        619
        487
        172
        76
        390
        261
    ]
}

/line 90 {
    /subservice 1 [
        607
        307
        581
        77
        506
        691
        126
        385
        292
        125
        746
        161
        476
        342
        492
        518
        409
        604
        50
        671
        646
        741
        708
        559
        568
        558
    ]
    /subservice 2 [
        558
        568
        559
        708
        741
        646
        671
        50
        604
        409
        492
        342
        476
        161
        746
        125
        292
        385
        126
        691
        127
        506
        77
        581
        327
        607
    ]
    /subservice 3 [
        518
        492
        342
        476
        161
        746
        125
        292
        385
        126
        691
        127
        506
        77
        581
        327
        607
    ]
}

/line 91 {
    /subservice 1 [
        261
        390
        74
        517
        153
        241
        127
        691
        126
        385
        292
        125
        746
        161
        476
        342
        492
        518
        409
        604
        50
        749
        48
        49
        47
    ]
    /subservice 2 [
        47
        49
        48
        749
        50
        604
        409
        492
        342
        476
        161
        746
        125
        292
        385
        126
        691
        127
        241
        153
        517
        74
        390
        261
    ]
}

/line 93 {
    /color e5097f
    /subservice 1 [
        93
        306
        95
        500
        390
        74
        343
        517
        605
        131
        367
        202
        502
        24
        203
        475
    ]
    /subservice 2 [
        475
        203
        24
        502
        202
        367
        131
        605
        517
        343
        74
        390
        500
        95
        306
        93
    ]
}

/line 94 {
    /color e5097f
    /subservice 1 [
        96
        367
        131
        605
        517
        343
        74
        390
        500
        152
        80
        740
        152
        500
        390
        74
        343
        517
        605
        131
        367
        96
    ]
}

/line 95 {
    /color ff6600
    /subservice 1 [
        475
        200
        384
        399
        433
        426
        22
        340
        105
        246
        79
        235
    ]
    /subservice 2 [
        235
        79
        246
        105
        340
        22
        426
        433
        399
        384
        200
        475
    ]
}

/line 96 {
    /color 66c3d0
    /subservice 1 [
        527
        210
        340
        105
        376
        182
        20
        328
        325
        104
        255
        264
        214
        457
        84
        361
        466
        18
        374
        553
    ]
    /subservice 2 [
        553
        83
        374
        18
        466
        361
        117
        84
        214
        264
        255
        82
        104
        285
        325
        328
        20
        182
        376
        105
        340
        210
        527
    ]
}

/line 98 {
    /color cc6f3c
    /subservice 1 [
        127
        506
        29
        199
        200
        499
        24
        502
        202
        367
        204
        426
        366
        66
        277
        77
        328
        225
        67
        8
        257
        213
        86
        176
        266
        257
        8
        67
        225
        328
        77
        277
        66
        366
        426
        204
        367
        202
        502
        24
        499
        200
        199
        29
        506
        127
    ]
}

/line 99 {
    /color f5b5d2
    /subservice 1 [
        276
        277
        27
        416
        20
        226
        79
        132
        87
        619
        517
        490
        769
        131
        417
        210
        340
        22
        426
        433
        399
        96
        202
        502
        24
        499
        200
        199
        253
        523
    ]
    /subservice 2 [
        523
        253
        199
        200
        499
        24
        502
        202
        96
        399
        433
        426
        22
        340
        210
        417
        131
        769
        490
        517
        619
        87
        132
        79
        226
        416
        27
        277
        276
    ]
}

/line 139 {
    /subservice 1 [
        357
        662
        663
        657
        658
        664
        659
        661
        660
        230
        134
        656
        660
        661
        659
        664
        658
        657
        663
        662
        357
    ]
}

/line 144 {
    /subservice 1 [
        151
        719
        641
    ]
    /subservice 2 [
        641
        151
    ]
}

/line 145 {
    /subservice 1 [
        151
        647
        585
        586
        594
        11
        388
        587
        588
        589
        590
        587
        388
        11
        594
        586
        585
        647
        151
    ]
}

/line 147 {
    /subservice 1 [
        69
        562
        563
        564
        565
        566
        415
        163
        95
        500
        415
        566
        565
        564
        584
        760
        584
        564
        563
        562
        69
    ]
}

/line 151 {
    /subservice 1 [
        197
        724
        359
        176
        266
        420
        437
    ]
    /subservice 2 [
        437
        420
        266
        293
        359
        724
        592
        272
        197
    ]
}

/line 154 {
    /subservice 1 [
        108
        751
        775
        764
    ]
    /subservice 2 [
        764
        775
        751
        108
    ]
}

/line 191 {
    /subservice 1 [
        261
        390
        74
        517
        153
        241
        127
        691
        126
        385
        292
        125
        746
        161
        476
        342
        492
        518
    ]
    /subservice 2 [
        518
        492
        342
        476
        161
        746
        125
        292
        385
        126
        691
        127
        241
        153
        517
        74
        390
        261
    ]
}

/line 192 {
    /subservice 1 [
        462
        284
        501
        358
        76
        74
        87
        132
        246
        105
        22
        426
        433
        399
        384
        200
        199
        29
        631
        61
    ]
    /subservice 2 [
        61
        631
        29
        199
        200
        384
        399
        433
        426
        22
        105
        246
        132
        87
        74
        76
        358
        501
        284
        462
    ]
}